10.000000 
10.000000 
10.000000 
10.000000 
10.000000 
10.000000 
10.000000 
10.000000 
10.000000 
10.000000 
10.000000 
10.000000 
10.000000 
10.000000 
10.000000 
10.000000 
10.000000 
10.000000 
10.000000 
10.000000 
10.000000 
10.000000 
10.000000 
10.000000 
10.000000 
10.000000 
10.000000 
10.000000 
10.000000 
10.000000 
10.000000 
10.000000 
10.000000 
10.000000 
10.000000 
10.000000 
10.000000 
10.000000 
10.000000 
10.000000 
10.000000 
10.000000 
10.000000 
10.000000 
10.000000 
10.000000 
10.000000 
10.000000 
10.000000 
10.000000 
10.000000 
10.000000 
10.000000 
10.000000 
10.000000 
10.000000 
10.000000 
10.000000 
10.000000 
10.000000 
10.000000 
10.000000 
10.000000 
10.000000 
10.000000 
10.000000 
10.000000 
10.000000 
10.000000 
10.000000 
10.000000 
10.000000 
10.000000 
10.000000 
10.000000 
10.000000 
10.000000 
10.000000 
10.000000 
10.000000 
10.000000 
10.000000 
10.000000 
10.000000 
10.000000 
10.000000 
10.000000 
10.000000 
10.000000 
10.000000 
10.000000 
10.000000 
10.000000 
10.000000 
10.000000 
10.000000 
10.000000 
10.000000 
10.000000 
10.000000 
10.000000 
10.000000 
10.000000 
10.000000 
10.000000 
10.000000 
10.000000 
10.000000 
10.000000 
10.000000 
10.000000 
10.000000 
10.000000 
10.000000 
10.000000 
10.000000 
10.000000 
10.000000 
10.000000 
10.000000 
10.000000 
10.000000 
10.000000 
10.000000 
10.000000 
10.000000 
10.000000 
10.000000 
10.000000 
10.000000 
10.000000 
10.000000 
10.000000 
10.000000 
10.000000 
10.000000 
10.000000 
10.000000 
10.000000 
10.000000 
10.000000 
10.000000 
10.000000 
10.000000 
10.000000 
10.000000 
10.000000 
10.000000 
10.000000 
10.000000 
10.000000 
10.000000 
10.000000 
10.000000 
10.000000 
10.000000 
10.000000 
10.000000 
10.000000 
10.000000 
10.000000 
10.000000 
10.000000 
10.000000 
10.000000 
10.000000 
10.000000 
10.000000 
10.000000 
10.000000 
10.000000 
10.000000 
10.000000 
10.000000 
10.000000 
10.000000 
10.000000 
10.000000 
10.000000 
10.000000 
10.000000 
10.000000 
10.000000 
10.000000 
10.000000 
10.000000 
10.000000 
10.000000 
10.000000 
10.000000 
10.000000 
10.000000 
10.000000 
10.000000 
10.000000 
10.000000 
10.000000 
10.000000 
10.000000 
10.000000 
10.000000 
10.000000 
10.000000 
10.000000 
10.000000 
10.000000 
10.000000 
10.000000 
10.000000 
10.000000 
10.000000 
10.000000 
10.000000 
10.000000 
10.000000 
10.000000 
10.000000 
10.000000 
9.999999 
9.999999 
9.999998 
9.999996 
9.999993 
9.999989 
9.999982 
9.999971 
9.999953 
9.999926 
9.999883 
9.999818 
9.999719 
9.999571 
9.999353 
9.999036 
9.998581 
9.997936 
9.997036 
9.995798 
9.994121 
9.991884 
9.988948 
9.985158 
9.980347 
9.974343 
9.966979 
9.958099 
9.947572 
9.935300 
9.921225 
9.905331 
9.887650 
9.868251 
9.847242 
9.824754 
9.800938 
9.775952 
9.749953 
9.723093 
9.695511 
9.667331 
9.638664 
9.609602 
9.580225 
9.550598 
9.520775 
9.490799 
9.460708 
9.430529 
9.400288 
9.370003 
9.339691 
9.309365 
9.279036 
9.248714 
9.218406 
9.188120 
9.157861 
9.127634 
9.097444 
9.067294 
9.037189 
9.007130 
8.977121 
8.947165 
8.917262 
8.887415 
8.857626 
8.827895 
8.798226 
8.768618 
8.739073 
8.709592 
8.680175 
8.650824 
8.621539 
8.592322 
8.563171 
8.534089 
8.505076 
8.476131 
8.447256 
8.418451 
8.389716 
8.361052 
8.332458 
8.303935 
8.275484 
8.247104 
8.218795 
8.190559 
8.162394 
8.134301 
8.106280 
8.078332 
8.050456 
8.022652 
7.994920 
7.967261 
7.939675 
7.912161 
7.884719 
7.857350 
7.830054 
7.802830 
7.775678 
7.748599 
7.721593 
7.694658 
7.667797 
7.641007 
7.614290 
7.587644 
7.561071 
7.534570 
7.508141 
7.481784 
7.455499 
7.429286 
7.403144 
7.377074 
7.351076 
7.325149 
7.299293 
7.273508 
7.247795 
7.222153 
7.196581 
7.171081 
7.145651 
7.120292 
7.095004 
7.069786 
7.044638 
7.019560 
6.994553 
6.969616 
6.944748 
6.919951 
6.895223 
6.870564 
6.845975 
6.821455 
6.797005 
6.772623 
6.748311 
6.724067 
6.699892 
6.675785 
6.651747 
6.627778 
6.603876 
6.580043 
6.556278 
6.532580 
6.508950 
6.485388 
6.461893 
6.438466 
6.415105 
6.391812 
6.368586 
6.345426 
6.322334 
6.299308 
6.276348 
6.253454 
6.230627 
6.207866 
6.185171 
6.162541 
6.139977 
6.117479 
6.095046 
6.072679 
6.050376 
6.028139 
6.005966 
5.983858 
5.961815 
5.939836 
5.917922 
5.896072 
5.874286 
5.852564 
5.830906 
5.809311 
5.787780 
5.766313 
5.744909 
5.723568 
5.702290 
5.681075 
5.659923 
5.638834 
5.617807 
5.596843 
5.575941 
5.555101 
5.534324 
5.513608 
5.492954 
5.472362 
5.451831 
5.431362 
5.410954 
5.390607 
5.370322 
5.350097 
5.329933 
5.309830 
5.289788 
5.269806 
5.249885 
5.230023 
5.210222 
5.190481 
5.170800 
5.151179 
5.131617 
5.112115 
5.092673 
5.073290 
5.053966 
5.034702 
5.015497 
4.996350 
4.977263 
4.958235 
4.939265 
4.920354 
4.901502 
4.882708 
4.863973 
4.845296 
4.826678 
4.808118 
4.789617 
4.771174 
4.752789 
4.734462 
4.716194 
4.697984 
4.679833 
4.661739 
4.643705 
4.625728 
4.607811 
4.589952 
4.572152 
4.554411 
4.536730 
4.519108 
4.501546 
4.484044 
4.466603 
4.449222 
4.431903 
4.414647 
4.397453 
4.380324 
4.363259 
4.346262 
4.329330 
4.312470 
4.295680 
4.278967 
4.262330 
4.245778 
4.229313 
4.212943 
4.196684 
4.180531 
4.164536 
4.148657 
4.133025 
4.117511 
4.102390 
4.087323 
4.072790 
4.057911 
4.044043 
4.035745 
4.084919 
4.048337 
4.071250 
4.059783 
4.063676 
4.062801 
4.059941 
4.066629 
4.054808 
4.075132 
4.043380 
4.049912 
3.380844 
3.428739 
4.045354 
4.076557 
4.076140 
4.075996 
4.075909 
4.075867 
4.075884 
4.075920 
4.075967 
4.076034 
4.076101 
4.076151 
4.076215 
4.076289 
4.076355 
4.076427 
4.076523 
4.076616 
4.076709 
4.076814 
4.076916 
4.077004 
4.077102 
4.077199 
4.077274 
4.077349 
4.077428 
4.077490 
4.077537 
4.077588 
4.077625 
4.077642 
4.077656 
4.077664 
4.077652 
4.077644 
4.077642 
4.077629 
4.077610 
4.077604 
4.077597 
4.077577 
4.077562 
4.077549 
4.077521 
4.077484 
4.077449 
4.077405 
4.077366 
4.077348 
4.077328 
4.077291 
4.077269 
4.077278 
4.077299 
4.077317 
4.077324 
4.077312 
4.077304 
4.077327 
4.077350 
4.077335 
4.077302 
4.077288 
4.077302 
4.077336 
4.077360 
4.077354 
4.077357 
4.077418 
4.077500 
4.077520 
4.077473 
4.077435 
4.077476 
4.077583 
4.077631 
4.077514 
4.077325 
4.077295 
4.077510 
4.077776 
4.077798 
4.077496 
4.077154 
4.077194 
4.077688 
4.078173 
4.078082 
4.077365 
4.076642 
4.076679 
4.077597 
4.078584 
4.078572 
4.077352 
4.075942 
4.075756 
4.077245 
4.079263 
4.079901 
4.078241 
4.075445 
4.073966 
4.075427 
4.078989 
4.081726 
4.080965 
4.076767 
4.072293 
4.071451 
4.075605 
4.082052 
4.085721 
4.083090 
4.075322 
4.067926 
4.066877 
4.073970 
4.084908 
4.091856 
4.088962 
4.076984 
4.063453 
4.057956 
4.065532 
4.082653 
4.098763 
4.102784 
4.090476 
4.067849 
4.048223 
4.044426 
4.060727 
4.089492 
4.114853 
4.121451 
4.103377 
4.068231 
4.033815 
4.019034 
4.033821 
4.073380 
4.119791 
4.150322 
4.148431 
4.112055 
4.055232 
4.002333 
3.977494 
3.993969 
4.048071 
4.120210 
4.182441 
4.209355 
4.187992 
4.122925 
4.034819 
3.953271 
3.906684 
3.912746 
3.972715 
4.071113 
4.180549 
4.269876 
4.313062 
4.296159 
4.220619 
4.102471 
3.967939 
3.846936 
3.766285 
3.744236 
3.787287 
3.889702 
4.035453 
4.201800 
4.363573 
4.497263 
4.584247 
4.612704 
4.578227 
4.483295 
4.335871 
4.147569 
3.931783 
3.701985 
3.470387 
3.247088 
3.039662 
2.853091 
2.689996 
2.551036 
2.435379 
2.341162 
2.265924 
2.206949 
2.161526 
2.127119 
2.101473 
2.082657 
2.069081 
2.059459 
2.052782 
2.048269 
2.045330 
2.043525 
2.042524 
2.042082 
2.042022 
2.042215 
2.042562 
2.042988 
2.043438 
2.043877 
2.044275 
2.044614 
2.044880 
2.045070 
2.045186 
2.045230 
2.045207 
2.045129 
2.045009 
2.044858 
2.044685 
2.044502 
2.044324 
2.044159 
2.044014 
2.043892 
2.043801 
2.043744 
2.043721 
2.043729 
2.043766 
2.043831 
2.043917 
2.044016 
2.044123 
2.044237 
2.044350 
2.044454 
2.044545 
2.044621 
2.044681 
2.044722 
2.044741 
2.044742 
2.044726 
2.044694 
2.044648 
2.044590 
2.044528 
2.044464 
2.044398 
2.044333 
2.044275 
2.044227 
2.044187 
2.044155 
2.044135 
2.044128 
2.044131 
2.044143 
2.044163 
2.044191 
2.044226 
2.044261 
2.044297 
2.044335 
2.044373 
2.044408 
2.044436 
2.044459 
2.044480 
2.044494 
2.044500 
2.044501 
2.044498 
2.044491 
2.044477 
2.044459 
2.044440 
2.044421 
2.044399 
2.044374 
2.044352 
2.044334 
2.044317 
2.044301 
2.044287 
2.044279 
2.044276 
2.044275 
2.044276 
2.044284 
2.044295 
2.044305 
2.044315 
2.044327 
2.044343 
2.044358 
2.044369 
2.044377 
2.044387 
2.044395 
2.044399 
2.044400 
2.044403 
2.044406 
2.044405 
2.044402 
2.044401 
2.044403 
2.044403 
2.044399 
2.044398 
2.044399 
2.044400 
2.044397 
2.044392 
2.044388 
2.044385 
2.044378 
2.044369 
2.044363 
2.044360 
2.044353 
2.044344 
2.044337 
2.044336 
2.044338 
2.044338 
2.044338 
2.044340 
2.044342 
2.044345 
2.044349 
2.044352 
2.044349 
2.044339 
2.044335 
2.044349 
2.044362 
2.044347 
2.044313 
2.044309 
2.044366 
2.044433 
2.044420 
2.044323 
2.044285 
2.044422 
2.044632 
2.044629 
2.044307 
2.044032 
2.044299 
2.044974 
2.045142 
2.044190 
2.043008 
2.043408 
2.045624 
2.046959 
2.044596 
2.040303 
2.040158 
2.046881 
2.053264 
2.048301 
2.033619 
2.028245 
2.046648 
2.072102 
2.065578 
2.018471 
1.986211 
2.029844 
2.120971 
2.132992 
1.991011 
1.844925 
1.916334 
2.200816 
2.360591 
1.975830 
1.345918 
1.058433 
1.006588 
1.000683 
1.000070 
1.000007 
1.000001 
1.000000 
1.000000 
1.000000 
1.000000 
1.000000 
1.000000 
1.000000 
1.000000 
1.000000 
1.000000 
1.000000 
1.000000 
1.000000 
1.000000 
1.000000 
1.000000 
1.000000 
1.000000 
1.000000 
1.000000 
1.000000 
1.000000 
1.000000 
1.000000 
1.000000 
1.000000 
1.000000 
1.000000 
1.000000 
1.000000 
1.000000 
1.000000 
1.000000 
1.000000 
1.000000 
1.000000 
1.000000 
1.000000 
1.000000 
1.000000 
1.000000 
1.000000 
1.000000 
1.000000 
1.000000 
1.000000 
1.000000 
1.000000 
1.000000 
1.000000 
1.000000 
1.000000 
1.000000 
1.000000 
1.000000 
1.000000 
1.000000 
1.000000 
1.000000 
1.000000 
1.000000 
1.000000 
1.000000 
1.000000 
1.000000 
1.000000 
1.000000 
1.000000 
1.000000 
1.000000 
1.000000 
1.000000 
1.000000 
1.000000 
1.000000 
1.000000 
1.000000 
1.000000 
1.000000 
1.000000 
1.000000 
1.000000 
1.000000 
1.000000 
1.000000 
1.000000 
1.000000 
1.000000 
1.000000 
1.000000 
