7.142857 
7.142857 
7.142857 
7.142857 
7.142857 
7.142857 
7.142857 
7.142857 
7.142857 
7.142857 
7.142857 
7.142857 
7.142857 
7.142857 
7.142857 
7.142857 
7.142857 
7.142857 
7.142857 
7.142857 
7.142857 
7.142857 
7.142857 
7.142857 
7.142857 
7.142857 
7.142857 
7.142857 
7.142857 
7.142857 
7.142857 
7.142857 
7.142857 
7.142857 
7.142857 
7.142857 
7.142857 
7.142857 
7.142857 
7.142857 
7.142857 
7.142857 
7.142857 
7.142857 
7.142857 
7.142857 
7.142857 
7.142857 
7.142857 
7.142857 
7.142857 
7.142857 
7.142857 
7.142857 
7.142857 
7.142857 
7.142857 
7.142857 
7.142857 
7.142857 
7.142857 
7.142857 
7.142857 
7.142857 
7.142857 
7.142857 
7.142857 
7.142857 
7.142857 
7.142857 
7.142857 
7.142857 
7.142857 
7.142857 
7.142857 
7.142857 
7.142857 
7.142857 
7.142857 
7.142857 
7.142857 
7.142857 
7.142857 
7.142857 
7.142857 
7.142857 
7.142857 
7.142857 
7.142857 
7.142857 
7.142857 
7.142857 
7.142857 
7.142857 
7.142857 
7.142857 
7.142857 
7.142857 
7.142857 
7.142857 
7.142857 
7.142857 
7.142857 
7.142857 
7.142857 
7.142857 
7.142857 
7.142857 
7.142857 
7.142857 
7.142857 
7.142857 
7.142857 
7.142857 
7.142857 
7.142857 
7.142857 
7.142857 
7.142857 
7.142857 
7.142857 
7.142857 
7.142857 
7.142857 
7.142857 
7.142857 
7.142857 
7.142857 
7.142857 
7.142857 
7.142857 
7.142857 
7.142857 
7.142857 
7.142857 
7.142857 
7.142857 
7.142857 
7.142857 
7.142857 
7.142857 
7.142857 
7.142857 
7.142857 
7.142857 
7.142857 
7.142857 
7.142857 
7.142857 
7.142857 
7.142857 
7.142857 
7.142857 
7.142857 
7.142857 
7.142857 
7.142857 
7.142857 
7.142857 
7.142857 
7.142857 
7.142857 
7.142857 
7.142857 
7.142857 
7.142857 
7.142857 
7.142857 
7.142857 
7.142857 
7.142857 
7.142857 
7.142857 
7.142857 
7.142857 
7.142857 
7.142857 
7.142857 
7.142857 
7.142857 
7.142857 
7.142857 
7.142857 
7.142857 
7.142857 
7.142857 
7.142857 
7.142857 
7.142857 
7.142857 
7.142857 
7.142857 
7.142857 
7.142857 
7.142857 
7.142857 
7.142857 
7.142857 
7.142857 
7.142857 
7.142857 
7.142857 
7.142857 
7.142857 
7.142857 
7.142857 
7.142857 
7.142857 
7.142857 
7.142857 
7.142857 
7.142857 
7.142857 
7.142857 
7.142857 
7.142857 
7.142857 
7.142857 
7.142856 
7.142856 
7.142855 
7.142853 
7.142851 
7.142846 
7.142839 
7.142828 
7.142811 
7.142783 
7.142740 
7.142675 
7.142576 
7.142428 
7.142210 
7.141893 
7.141438 
7.140794 
7.139894 
7.138656 
7.136979 
7.134742 
7.131808 
7.128020 
7.123212 
7.117214 
7.109858 
7.100992 
7.090485 
7.078243 
7.064208 
7.048371 
7.030763 
7.011460 
6.990572 
6.968233 
6.944596 
6.919823 
6.894073 
6.867499 
6.840241 
6.812424 
6.784159 
6.755540 
6.726645 
6.697539 
6.668278 
6.638904 
6.609454 
6.579956 
6.550435 
6.520909 
6.491394 
6.461905 
6.432451 
6.403042 
6.373686 
6.344389 
6.315156 
6.285994 
6.256906 
6.227895 
6.198965 
6.170118 
6.141358 
6.112685 
6.084103 
6.055613 
6.027215 
5.998912 
5.970705 
5.942594 
5.914580 
5.886665 
5.858849 
5.831132 
5.803516 
5.775999 
5.748584 
5.721270 
5.694058 
5.666947 
5.639938 
5.613031 
5.586227 
5.559524 
5.532925 
5.506427 
5.480032 
5.453739 
5.427549 
5.401461 
5.375476 
5.349592 
5.323810 
5.298131 
5.272553 
5.247077 
5.221702 
5.196429 
5.171257 
5.146185 
5.121215 
5.096345 
5.071576 
5.046906 
5.022337 
4.997867 
4.973497 
4.949226 
4.925054 
4.900981 
4.877007 
4.853130 
4.829352 
4.805672 
4.782088 
4.758603 
4.735214 
4.711922 
4.688726 
4.665626 
4.642623 
4.619715 
4.596902 
4.574184 
4.551561 
4.529032 
4.506598 
4.484258 
4.462011 
4.439857 
4.417797 
4.395829 
4.373954 
4.352171 
4.330480 
4.308880 
4.287372 
4.265954 
4.244628 
4.223391 
4.202245 
4.181189 
4.160222 
4.139345 
4.118557 
4.097857 
4.077245 
4.056722 
4.036286 
4.015938 
3.995677 
3.975503 
3.955416 
3.935415 
3.915500 
3.895670 
3.875926 
3.856268 
3.836694 
3.817204 
3.797799 
3.778478 
3.759241 
3.740087 
3.721016 
3.702028 
3.683123 
3.664300 
3.645559 
3.626899 
3.608321 
3.589824 
3.571408 
3.553073 
3.534817 
3.516642 
3.498547 
3.480530 
3.462593 
3.444735 
3.426956 
3.409255 
3.391632 
3.374086 
3.356618 
3.339228 
3.321914 
3.304677 
3.287516 
3.270432 
3.253423 
3.236490 
3.219632 
3.202849 
3.186141 
3.169508 
3.152948 
3.136463 
3.120051 
3.103713 
3.087448 
3.071256 
3.055137 
3.039090 
3.023115 
3.007212 
2.991381 
2.975621 
2.959932 
2.944314 
2.928767 
2.913290 
2.897883 
2.882546 
2.867279 
2.852081 
2.836952 
2.821892 
2.806901 
2.791978 
2.777123 
2.762337 
2.747618 
2.732966 
2.718382 
2.703865 
2.689415 
2.675031 
2.660714 
2.646463 
2.632278 
2.618159 
2.604105 
2.590117 
2.576194 
2.562336 
2.548543 
2.534814 
2.521150 
2.507551 
2.494015 
2.480544 
2.467136 
2.453793 
2.440513 
2.427297 
2.414144 
2.401055 
2.388029 
2.375066 
2.362167 
2.349332 
2.336560 
2.323851 
2.311206 
2.298625 
2.286109 
2.273656 
2.261269 
2.248947 
2.236690 
2.224500 
2.212378 
2.200325 
2.188341 
2.176430 
2.164593 
2.152833 
2.141154 
2.129562 
2.118062 
2.106663 
2.095377 
2.084217 
2.073204 
2.062357 
2.051704 
2.041242 
2.030981 
2.020738 
2.010912 
2.005326 
2.039335 
2.014119 
2.029895 
2.021892 
2.025051 
2.023206 
2.023775 
2.023750 
2.023466 
2.024813 
2.022517 
1.997305 
1.571529 
1.583765 
2.011948 
2.033746 
2.033464 
2.033372 
2.033318 
2.033293 
2.033306 
2.033328 
2.033356 
2.033395 
2.033433 
2.033460 
2.033498 
2.033547 
2.033593 
2.033648 
2.033722 
2.033796 
2.033870 
2.033953 
2.034029 
2.034093 
2.034160 
2.034223 
2.034267 
2.034310 
2.034356 
2.034393 
2.034422 
2.034457 
2.034486 
2.034505 
2.034526 
2.034542 
2.034544 
2.034543 
2.034544 
2.034533 
2.034514 
2.034502 
2.034487 
2.034464 
2.034445 
2.034431 
2.034410 
2.034391 
2.034379 
2.034361 
2.034342 
2.034332 
2.034322 
2.034305 
2.034295 
2.034292 
2.034284 
2.034276 
2.034278 
2.034279 
2.034277 
2.034283 
2.034290 
2.034292 
2.034300 
2.034314 
2.034320 
2.034326 
2.034341 
2.034352 
2.034358 
2.034370 
2.034382 
2.034390 
2.034400 
2.034413 
2.034419 
2.034425 
2.034437 
2.034444 
2.034444 
2.034451 
2.034457 
2.034457 
2.034457 
2.034460 
2.034458 
2.034454 
2.034455 
2.034451 
2.034442 
2.034439 
2.034436 
2.034426 
2.034417 
2.034414 
2.034405 
2.034395 
2.034389 
2.034383 
2.034373 
2.034368 
2.034364 
2.034355 
2.034349 
2.034350 
2.034345 
2.034339 
2.034340 
2.034341 
2.034339 
2.034340 
2.034344 
2.034344 
2.034347 
2.034354 
2.034357 
2.034358 
2.034366 
2.034372 
2.034373 
2.034378 
2.034386 
2.034389 
2.034392 
2.034398 
2.034401 
2.034402 
2.034407 
2.034410 
2.034408 
2.034410 
2.034414 
2.034412 
2.034411 
2.034414 
2.034414 
2.034411 
2.034412 
2.034412 
2.034408 
2.034408 
2.034409 
2.034405 
2.034403 
2.034405 
2.034403 
2.034399 
2.034399 
2.034399 
2.034396 
2.034394 
2.034394 
2.034390 
2.034388 
2.034388 
2.034385 
2.034379 
2.034379 
2.034379 
2.034375 
2.034372 
2.034373 
2.034371 
2.034369 
2.034370 
2.034369 
2.034367 
2.034368 
2.034369 
2.034367 
2.034368 
2.034373 
2.034373 
2.034373 
2.034376 
2.034379 
2.034381 
2.034384 
2.034387 
2.034388 
2.034391 
2.034395 
2.034395 
2.034395 
2.034399 
2.034400 
2.034398 
2.034399 
2.034400 
2.034399 
2.034398 
2.034399 
2.034398 
2.034396 
2.034397 
2.034398 
2.034397 
2.034395 
2.034394 
2.034396 
2.034396 
2.034394 
2.034393 
2.034394 
2.034394 
2.034393 
2.034393 
2.034394 
2.034395 
2.034394 
2.034392 
2.034394 
2.034396 
2.034397 
2.034395 
2.034395 
2.034396 
2.034397 
2.034396 
2.034395 
2.034397 
2.034397 
2.034395 
2.034393 
2.034394 
2.034395 
2.034393 
2.034389 
2.034388 
2.034389 
2.034389 
2.034386 
2.034384 
2.034384 
2.034383 
2.034381 
2.034379 
2.034380 
2.034382 
2.034380 
2.034377 
2.034378 
2.034381 
2.034381 
2.034379 
2.034378 
2.034380 
2.034381 
2.034380 
2.034379 
2.034380 
2.034381 
2.034380 
2.034378 
2.034380 
2.034383 
2.034384 
2.034382 
2.034383 
2.034388 
2.034391 
2.034391 
2.034392 
2.034395 
2.034397 
2.034396 
2.034395 
2.034396 
2.034397 
2.034394 
2.034389 
2.034387 
2.034388 
2.034387 
2.034382 
2.034379 
2.034380 
2.034382 
2.034382 
2.034382 
2.034386 
2.034390 
2.034391 
2.034391 
2.034393 
2.034398 
2.034398 
2.034394 
2.034392 
2.034392 
2.034392 
2.034388 
2.034383 
2.034382 
2.034383 
2.034382 
2.034380 
2.034384 
2.034390 
2.034393 
2.034394 
2.034397 
2.034404 
2.034409 
2.034408 
2.034406 
2.034407 
2.034408 
2.034404 
2.034397 
2.034394 
2.034393 
2.034388 
2.034381 
2.034380 
2.034384 
2.034385 
2.034384 
2.034384 
2.034390 
2.034396 
2.034397 
2.034396 
2.034398 
2.034401 
2.034398 
2.034393 
2.034391 
2.034393 
2.034392 
2.034386 
2.034384 
2.034390 
2.034397 
2.034402 
2.034405 
2.034411 
2.034416 
2.034421 
2.034427 
2.034430 
2.034421 
2.034401 
2.034391 
2.034404 
2.034415 
2.034388 
2.034332 
2.034316 
2.034386 
2.034470 
2.034443 
2.034303 
2.034241 
2.034428 
2.034717 
2.034707 
2.034256 
2.033873 
2.034245 
2.035187 
2.035428 
2.034103 
2.032460 
2.033027 
2.036118 
2.037984 
2.034705 
2.028727 
2.028537 
2.037916 
2.046810 
2.039905 
2.019468 
2.011988 
2.037645 
2.073150 
2.064094 
1.998515 
1.953725 
2.014596 
2.141818 
2.159139 
1.961849 
1.759936 
1.860411 
2.258357 
2.488268 
1.962877 
1.119260 
0.775045 
0.720902 
0.714969 
0.714356 
0.714293 
0.714286 
0.714286 
0.714286 
0.714286 
0.714286 
0.714286 
0.714286 
0.714286 
0.714286 
0.714286 
0.714286 
0.714286 
0.714286 
0.714286 
0.714286 
0.714286 
0.714286 
0.714286 
0.714286 
0.714286 
0.714286 
0.714286 
0.714286 
0.714286 
0.714286 
0.714286 
0.714286 
0.714286 
0.714286 
0.714286 
0.714286 
0.714286 
0.714286 
0.714286 
0.714286 
0.714286 
0.714286 
0.714286 
0.714286 
0.714286 
0.714286 
0.714286 
0.714286 
0.714286 
0.714286 
0.714286 
0.714286 
0.714286 
0.714286 
0.714286 
0.714286 
0.714286 
0.714286 
0.714286 
0.714286 
0.714286 
0.714286 
0.714286 
0.714286 
0.714286 
0.714286 
0.714286 
0.714286 
0.714286 
0.714286 
0.714286 
0.714286 
0.714286 
0.714286 
0.714286 
0.714286 
0.714286 
0.714286 
0.714286 
0.714286 
0.714286 
0.714286 
0.714286 
0.714286 
0.714286 
0.714286 
0.714286 
0.714286 
0.714286 
0.714286 
0.714286 
0.714286 
0.714286 
0.714286 
0.714286 
0.714286 
