0.000000 
0.000000 
0.000000 
0.000000 
0.000000 
0.000000 
0.000000 
0.000000 
0.000000 
0.000000 
0.000000 
0.000000 
0.000000 
0.000000 
0.000000 
0.000000 
0.000000 
0.000000 
0.000000 
0.000000 
0.000000 
0.000000 
0.000000 
0.000000 
0.000000 
0.000000 
0.000000 
0.000000 
0.000000 
0.000000 
0.000000 
0.000000 
0.000000 
0.000000 
0.000000 
0.000000 
0.000000 
0.000000 
0.000000 
0.000000 
0.000000 
0.000000 
0.000000 
0.000000 
0.000000 
0.000000 
0.000000 
0.000000 
0.000000 
0.000000 
0.000000 
0.000000 
0.000000 
0.000000 
0.000000 
0.000000 
0.000000 
0.000000 
0.000000 
0.000000 
0.000000 
0.000000 
0.000000 
0.000000 
0.000000 
0.000000 
0.000000 
0.000000 
0.000000 
0.000000 
0.000000 
0.000000 
0.000000 
0.000000 
0.000000 
0.000000 
0.000000 
0.000000 
0.000000 
0.000000 
0.000000 
0.000000 
0.000000 
0.000000 
0.000000 
0.000000 
0.000000 
0.000000 
0.000000 
0.000000 
0.000000 
0.000000 
0.000000 
0.000000 
0.000000 
0.000000 
0.000000 
0.000000 
0.000000 
0.000000 
0.000000 
0.000000 
0.000000 
0.000000 
0.000000 
0.000000 
0.000000 
0.000000 
0.000000 
0.000000 
0.000000 
0.000000 
0.000000 
0.000000 
0.000000 
0.000000 
0.000000 
0.000000 
0.000000 
0.000000 
0.000000 
0.000000 
0.000000 
0.000000 
0.000000 
0.000000 
0.000000 
0.000000 
0.000000 
0.000000 
0.000000 
0.000000 
0.000000 
0.000000 
0.000000 
0.000000 
0.000000 
0.000000 
0.000000 
0.000000 
0.000000 
0.000000 
0.000000 
0.000000 
0.000000 
0.000000 
0.000000 
0.000000 
0.000000 
0.000000 
0.000000 
0.000000 
0.000000 
0.000000 
0.000000 
0.000000 
0.000000 
0.000000 
0.000000 
0.000000 
0.000000 
0.000000 
0.000000 
0.000000 
0.000000 
0.000000 
0.000000 
0.000000 
0.000000 
0.000000 
0.000000 
0.000000 
0.000000 
0.000000 
0.000000 
0.000000 
0.000000 
0.000000 
0.000000 
0.000000 
0.000000 
0.000000 
0.000000 
0.000000 
0.000000 
0.000000 
0.000000 
0.000000 
0.000000 
0.000000 
0.000000 
0.000000 
0.000000 
0.000000 
0.000000 
0.000000 
0.000000 
0.000000 
0.000000 
0.000000 
0.000000 
0.000000 
0.000000 
0.000000 
0.000000 
0.000000 
0.000000 
0.000000 
0.000000 
0.000000 
0.000000 
0.000000 
0.000000 
0.000000 
0.000000 
0.000000 
0.000000 
0.000000 
0.000000 
0.000000 
0.000000 
0.000000 
0.000001 
0.000001 
0.000002 
0.000003 
0.000005 
0.000007 
0.000012 
0.000018 
0.000028 
0.000043 
0.000065 
0.000096 
0.000142 
0.000206 
0.000296 
0.000420 
0.000588 
0.000812 
0.001106 
0.001485 
0.001967 
0.002568 
0.003306 
0.004197 
0.005254 
0.006487 
0.007902 
0.009503 
0.011286 
0.013244 
0.015370 
0.017648 
0.020066 
0.022608 
0.025258 
0.028002 
0.030826 
0.033718 
0.036667 
0.039663 
0.042700 
0.045770 
0.048868 
0.051989 
0.055131 
0.058290 
0.061463 
0.064649 
0.067847 
0.071054 
0.074270 
0.077493 
0.080723 
0.083960 
0.087202 
0.090450 
0.093702 
0.096958 
0.100218 
0.103482 
0.106749 
0.110019 
0.113292 
0.116568 
0.119846 
0.123126 
0.126409 
0.129694 
0.132980 
0.136268 
0.139558 
0.142850 
0.146143 
0.149437 
0.152733 
0.156030 
0.159328 
0.162627 
0.165927 
0.169229 
0.172531 
0.175834 
0.179138 
0.182443 
0.185749 
0.189056 
0.192363 
0.195671 
0.198980 
0.202289 
0.205599 
0.208910 
0.212221 
0.215532 
0.218845 
0.222157 
0.225471 
0.228784 
0.232099 
0.235413 
0.238728 
0.242044 
0.245360 
0.248676 
0.251993 
0.255310 
0.258627 
0.261945 
0.265263 
0.268581 
0.271900 
0.275219 
0.278538 
0.281858 
0.285178 
0.288498 
0.291818 
0.295139 
0.298460 
0.301781 
0.305102 
0.308424 
0.311746 
0.315068 
0.318390 
0.321713 
0.325035 
0.328358 
0.331681 
0.335005 
0.338328 
0.341652 
0.344976 
0.348300 
0.351624 
0.354948 
0.358273 
0.361597 
0.364922 
0.368247 
0.371572 
0.374898 
0.378223 
0.381549 
0.384875 
0.388201 
0.391527 
0.394853 
0.398179 
0.401505 
0.404832 
0.408159 
0.411485 
0.414812 
0.418139 
0.421466 
0.424794 
0.428121 
0.431449 
0.434776 
0.438104 
0.441432 
0.444759 
0.448087 
0.451416 
0.454744 
0.458072 
0.461400 
0.464729 
0.468057 
0.471386 
0.474715 
0.478044 
0.481373 
0.484702 
0.488031 
0.491360 
0.494689 
0.498018 
0.501348 
0.504677 
0.508007 
0.511336 
0.514666 
0.517996 
0.521325 
0.524655 
0.527985 
0.531315 
0.534645 
0.537975 
0.541306 
0.544636 
0.547966 
0.551296 
0.554627 
0.557957 
0.561288 
0.564618 
0.567949 
0.571279 
0.574610 
0.577940 
0.581271 
0.584602 
0.587933 
0.591263 
0.594594 
0.597925 
0.601256 
0.604586 
0.607917 
0.611248 
0.614579 
0.617910 
0.621240 
0.624571 
0.627902 
0.631232 
0.634563 
0.637894 
0.641224 
0.644555 
0.647885 
0.651216 
0.654546 
0.657876 
0.661206 
0.664536 
0.667866 
0.671195 
0.674525 
0.677854 
0.681183 
0.684512 
0.687841 
0.691169 
0.694497 
0.697825 
0.701153 
0.704480 
0.707806 
0.711133 
0.714458 
0.717783 
0.721108 
0.724432 
0.727755 
0.731078 
0.734399 
0.737720 
0.741039 
0.744358 
0.747675 
0.750990 
0.754304 
0.757617 
0.760927 
0.764235 
0.767540 
0.770843 
0.774142 
0.777438 
0.780729 
0.784015 
0.787295 
0.790567 
0.793831 
0.797083 
0.800322 
0.803543 
0.806743 
0.809916 
0.813055 
0.816151 
0.819206 
0.822214 
0.825232 
0.828134 
0.829801 
0.819767 
0.827189 
0.822532 
0.824894 
0.823949 
0.824524 
0.824286 
0.824450 
0.824186 
0.824554 
0.823555 
0.834611 
0.971953 
0.969542 
0.827829 
0.821395 
0.821478 
0.821505 
0.821520 
0.821527 
0.821523 
0.821516 
0.821508 
0.821496 
0.821485 
0.821477 
0.821466 
0.821452 
0.821438 
0.821423 
0.821401 
0.821380 
0.821358 
0.821335 
0.821313 
0.821294 
0.821275 
0.821257 
0.821244 
0.821232 
0.821218 
0.821207 
0.821199 
0.821188 
0.821180 
0.821174 
0.821167 
0.821162 
0.821161 
0.821161 
0.821160 
0.821163 
0.821168 
0.821171 
0.821175 
0.821182 
0.821187 
0.821192 
0.821198 
0.821203 
0.821207 
0.821213 
0.821219 
0.821222 
0.821225 
0.821231 
0.821234 
0.821235 
0.821238 
0.821241 
0.821241 
0.821241 
0.821241 
0.821240 
0.821237 
0.821237 
0.821234 
0.821230 
0.821228 
0.821225 
0.821221 
0.821217 
0.821215 
0.821211 
0.821206 
0.821204 
0.821201 
0.821196 
0.821195 
0.821193 
0.821189 
0.821187 
0.821187 
0.821186 
0.821184 
0.821185 
0.821185 
0.821185 
0.821186 
0.821188 
0.821188 
0.821190 
0.821192 
0.821193 
0.821194 
0.821198 
0.821200 
0.821201 
0.821203 
0.821206 
0.821207 
0.821208 
0.821211 
0.821212 
0.821212 
0.821215 
0.821216 
0.821215 
0.821216 
0.821218 
0.821217 
0.821217 
0.821218 
0.821218 
0.821217 
0.821217 
0.821217 
0.821215 
0.821215 
0.821215 
0.821213 
0.821212 
0.821212 
0.821211 
0.821209 
0.821208 
0.821207 
0.821205 
0.821205 
0.821204 
0.821202 
0.821201 
0.821201 
0.821200 
0.821198 
0.821198 
0.821198 
0.821197 
0.821196 
0.821196 
0.821196 
0.821196 
0.821197 
0.821197 
0.821197 
0.821198 
0.821200 
0.821199 
0.821200 
0.821202 
0.821203 
0.821204 
0.821205 
0.821206 
0.821206 
0.821208 
0.821209 
0.821209 
0.821209 
0.821211 
0.821210 
0.821210 
0.821211 
0.821211 
0.821210 
0.821210 
0.821210 
0.821209 
0.821209 
0.821210 
0.821209 
0.821208 
0.821209 
0.821208 
0.821207 
0.821207 
0.821208 
0.821207 
0.821207 
0.821207 
0.821207 
0.821207 
0.821207 
0.821207 
0.821206 
0.821207 
0.821207 
0.821206 
0.821205 
0.821205 
0.821205 
0.821204 
0.821204 
0.821203 
0.821202 
0.821202 
0.821203 
0.821202 
0.821201 
0.821201 
0.821201 
0.821201 
0.821200 
0.821200 
0.821200 
0.821200 
0.821200 
0.821199 
0.821200 
0.821200 
0.821200 
0.821200 
0.821201 
0.821202 
0.821202 
0.821201 
0.821202 
0.821203 
0.821204 
0.821203 
0.821203 
0.821204 
0.821205 
0.821205 
0.821204 
0.821205 
0.821206 
0.821206 
0.821205 
0.821205 
0.821206 
0.821206 
0.821205 
0.821204 
0.821205 
0.821205 
0.821204 
0.821204 
0.821205 
0.821205 
0.821204 
0.821204 
0.821205 
0.821206 
0.821206 
0.821205 
0.821205 
0.821207 
0.821208 
0.821207 
0.821207 
0.821207 
0.821208 
0.821208 
0.821207 
0.821208 
0.821209 
0.821209 
0.821208 
0.821209 
0.821210 
0.821211 
0.821211 
0.821211 
0.821213 
0.821214 
0.821214 
0.821214 
0.821214 
0.821215 
0.821214 
0.821212 
0.821212 
0.821212 
0.821210 
0.821208 
0.821206 
0.821206 
0.821206 
0.821205 
0.821204 
0.821205 
0.821206 
0.821205 
0.821205 
0.821206 
0.821208 
0.821208 
0.821206 
0.821206 
0.821207 
0.821206 
0.821204 
0.821202 
0.821201 
0.821201 
0.821199 
0.821198 
0.821198 
0.821199 
0.821199 
0.821199 
0.821200 
0.821203 
0.821205 
0.821205 
0.821205 
0.821207 
0.821208 
0.821207 
0.821205 
0.821205 
0.821204 
0.821202 
0.821199 
0.821198 
0.821198 
0.821198 
0.821196 
0.821196 
0.821198 
0.821201 
0.821201 
0.821201 
0.821203 
0.821206 
0.821206 
0.821205 
0.821205 
0.821206 
0.821205 
0.821203 
0.821203 
0.821204 
0.821205 
0.821204 
0.821206 
0.821210 
0.821215 
0.821215 
0.821215 
0.821219 
0.821224 
0.821225 
0.821218 
0.821211 
0.821211 
0.821217 
0.821218 
0.821205 
0.821185 
0.821182 
0.821208 
0.821240 
0.821230 
0.821176 
0.821149 
0.821224 
0.821344 
0.821343 
0.821156 
0.820993 
0.821147 
0.821541 
0.821644 
0.821091 
0.820406 
0.820643 
0.821928 
0.822699 
0.821337 
0.818858 
0.818782 
0.822671 
0.826339 
0.823489 
0.815005 
0.811880 
0.822555 
0.837130 
0.833436 
0.806230 
0.787161 
0.812971 
0.864709 
0.871509 
0.790720 
0.699917 
0.746152 
0.909914 
0.992382 
0.791478 
0.335480 
0.058764 
0.006591 
0.000683 
0.000070 
0.000007 
0.000001 
0.000000 
0.000000 
0.000000 
0.000000 
0.000000 
0.000000 
0.000000 
0.000000 
0.000000 
0.000000 
0.000000 
0.000000 
0.000000 
0.000000 
0.000000 
0.000000 
0.000000 
0.000000 
0.000000 
0.000000 
0.000000 
0.000000 
0.000000 
0.000000 
0.000000 
0.000000 
0.000000 
0.000000 
0.000000 
0.000000 
0.000000 
0.000000 
0.000000 
0.000000 
0.000000 
0.000000 
0.000000 
0.000000 
0.000000 
0.000000 
0.000000 
0.000000 
0.000000 
0.000000 
0.000000 
0.000000 
0.000000 
0.000000 
0.000000 
0.000000 
0.000000 
0.000000 
0.000000 
0.000000 
0.000000 
0.000000 
0.000000 
0.000000 
0.000000 
0.000000 
0.000000 
0.000000 
0.000000 
0.000000 
0.000000 
0.000000 
0.000000 
0.000000 
0.000000 
0.000000 
0.000000 
0.000000 
0.000000 
0.000000 
0.000000 
0.000000 
0.000000 
0.000000 
0.000000 
0.000000 
0.000000 
0.000000 
0.000000 
0.000000 
0.000000 
0.000000 
0.000000 
0.000000 
0.000000 
0.000000 
